1.0
1.0
1.0
1.0
1.0
1.0
1.0
1.0
1.0
1.0
1.0
1.0
0.9999999999997389
0.9999999999966924
0.99999999997058
0.9999999998035474
0.9999999989641193
0.999999995501609
0.9999999833808213
0.9999999464197004
0.9999998461544479
0.9999996000453261
0.9999990457905045
0.9999978873478397
0.9999956187109763
0.9999914225338487
0.9999840422427048
0.9999716281088907
0.9999515596681037
0.9999202486353966
0.9998729279295643
0.9998034334771364
0.9997039860780075
0.9995649807986716
0.9993747911671379
0.9991195949571289
0.9987832276452844
0.9983470687992825
0.9977899657616564
0.997088198101679
0.9962154854473544
0.99514304050561
0.9938396683373616
0.9922719122765891
0.9904042462562115
0.9881993127118668
0.9856182046701478
0.9826207900644012
0.9791660757580006
0.9752126081749732
0.9707189068427093
0.9656439265402891
0.9599475431252801
0.9535910574949906
0.9465377115371094
0.9387532093588975
0.9302062365776647
0.9208689700264351
0.9107175699024394
0.899732646185295
0.8878996910944496
0.8752094694615284
0.8616583591736446
0.8472486343088523
0.8319886842374706
0.8158931627986111
0.7989830626731038
0.7812857112440048
0.7628346855435214
0.7436696453046222
0.7238360846294926
0.7033850043246667
0.6823725084920536
0.6608593304662556
0.6389102946069145
0.6165937217616435
0.5939807873580376
0.5711448420437948
0.5481607055369725
0.5251039448544729
0.5020501483437158
0.47907420694061953
0.45624961382291895
0.43364779312221746
0.41133746762897794
0.38938407448108603
0.3678492367118395
0.3467902972658572
0.32625992072182824
0.30630576651654035
0.28697023599250543
0.2682902941254337
0.2502973653685233
0.23301730170794493
0.21647041979152887
0.200671602893504
0.18563046253191648
0.17135155377861613
0.1578346377003124
0.1450749839479978
0.133063706268678
0.12178812363990353
0.11123213981394829
0.10137663428939196
0.09219985808546532
0.08367782816049411
0.07578471486809449
0.06849321746315522
0.06177492333333233
0.05560064731990781
0.04994074818659898
0.04476541997907926
0.04004495667635468
0.03574998915609835
0.031851694068571655
0.028321974730778316
0.025133614608412923
0.022260404344927914
0.01967724362349146
0.01736021940970297
0.01528666232251151
0.013435183021884992
0.01178569058856541
0.010319394909195673
0.009018795074961436
0.007867655759649523
0.006850973469802791
0.005954934461413575
0.005166866000006221
0.004475182509402076
0.003869328013695973
0.0033397161314187413
0.002877668734241928
0.0024753542381001263
0.002125726354946524
0.001822464000590576
0.0015599129298144651
0.001333029555373114
0.001137327303282384
0.0009688257633564697
0.0008240028113530681
0.000699749807111035
0.0005933299113426041
0.0005023395117153966
0.0004246727058450548
0.00035848875409002075
0.0003021823877804345
0.0002543568379269065
0.00021379943472325352
0.00017945961850233786
0.0001504291974763364
0.0001259246858954955
0.00010527155754914055
8.789025322715948e-5
7.328378633876553e-5
6.1026797887575456e-5
5.0755920030292346e-5
