1.0
1.0
1.0
1.0
1.0
1.0
1.0
1.0
1.0
1.0
1.0
1.0
1.0
1.0
1.0
1.0
1.0
1.0
1.0
1.0
1.0
1.0
1.0
1.0
1.0
1.0
1.0
1.0
1.0
1.0
1.0
1.0
1.0
1.0
1.0
1.0
1.0
1.0
1.0
0.99
1.0
0.99
0.99
1.0
1.0
0.98
0.99
0.99
1.0
0.98
0.99
0.95
0.95
0.92
0.97
0.94
0.93
0.91
0.88
0.92
0.88
0.92
0.85
0.83
0.83
0.8
0.88
0.83
0.74
0.71
0.74
0.69
0.67
0.7
0.65
0.69
0.55
0.57
0.54
0.53
0.64
0.55
0.45
0.54
0.47
0.41
0.36
0.46
0.36
0.43
0.37
0.38
0.24
0.3
0.32
0.31
0.22
0.12
0.17
0.24
0.23
0.08
0.09
0.14
0.15
0.1
0.15
0.1
0.11
0.13
0.1
0.1
0.08
0.11
0.04
0.04
0.04
0.05
0.01
0.04
0.01
0.04
0.01
0.02
0.02
0.01
0.02
0.01
0.02
0.01
0.02
0.0
0.01
0.0
0.02
0.0
0.01
0.0
0.0
0.0
0.0
0.01
0.0
0.0
0.0
0.0
0.0
0.0
0.0
0.0
0.0
0.0
0.0
0.0
0.0
0.0
0.0
